70
30
 0
0
0
0
46.1145
32.2789
21.6066
-0.000255886
 0.000120612
 0.000135274
30.6781
28.5513
40.7706
-0.000343119
 0.000250267
 9.28516e-05
21.5028
22.3852
 56.112
-0.000299553
  0.00023874
 6.08128e-05
16.0423
 16.343
67.6147
-0.000243103
 0.000158391
 8.47119e-05
12.6472
11.4274
75.9254
-0.00020119
7.80418e-05
0.000123149
10.4065
7.77291
81.8206
-0.000170764
 2.09341e-05
  0.00014983
8.83229
5.18895
85.9788
-0.000147308
-1.22411e-05
 0.000159549
7.65965
3.41738
 88.923
-0.000128353
-2.77145e-05
 0.000156068
6.74062
2.22749
91.0319
-0.000112637
-3.21267e-05
 0.000144763
5.99003
1.43994
  92.57
-9.94214e-05
 -3.0542e-05
 0.000129963
 5.35731
0.924463
 93.7182
-8.81996e-05
-2.62691e-05
 0.000114469
 4.81153
0.590054
 94.5984
-7.85863e-05
-2.12401e-05
 9.98263e-05
 4.33306
0.374699
 95.2922
-7.02786e-05
-1.64584e-05
  8.6737e-05
 3.90895
0.236877
 95.8542
 -6.3038e-05
-1.23586e-05
 7.53966e-05
 3.53026
0.149151
 96.3206
-5.66777e-05
-9.05669e-06
 6.57344e-05
  3.19051
0.0935791
  96.7159
-5.10519e-05
-6.50843e-06
 5.75603e-05
  2.88474
0.0585241
  97.0567
-4.60474e-05
-4.60234e-06
 5.06497e-05
   2.609
0.036495
 97.3545
-4.15749e-05
 -3.2106e-06
 4.47855e-05
  2.36004
0.0226985
  97.6173
 -3.7564e-05
-2.21387e-06
 3.97778e-05
  2.13507
0.0140844
  97.8509
-3.39573e-05
-1.51131e-06
 3.54686e-05
   1.93167
0.00872068
   98.0596
-3.07079e-05
-1.02266e-06
 3.17305e-05
   1.74773
0.00538923
   98.2469
-2.77762e-05
-6.86653e-07
 2.84629e-05
   1.58134
0.00332465
   98.4153
-2.51287e-05
-4.57873e-07
 2.55866e-05
   1.43082
0.00204776
   98.5671
-2.27362e-05
 -3.0344e-07
 2.30396e-05
   1.29464
0.00125949
   98.7041
 -2.0573e-05
-1.99982e-07
  2.0773e-05
    1.17143
0.000773654
    98.8278
-1.86166e-05
 -1.3114e-07
 1.87477e-05
    1.05994
0.000474671
    98.9396
-1.68468e-05
-8.56071e-08
 1.69324e-05
   0.959073
0.000290924
    99.0406
-1.52456e-05
-5.56536e-08
 1.53013e-05
   0.867803
0.000178136
     99.132
-1.37968e-05
-3.60449e-08
 1.38329e-05
   0.78522
0.00010898
   99.2147
-1.24858e-05
-2.32649e-08
 1.25091e-05
   0.710496
6.66201e-05
    99.2894
-1.12994e-05
-1.49689e-08
 1.13144e-05
   0.642883
4.06962e-05
    99.3571
-1.02259e-05
-9.60329e-09
 1.02355e-05
   0.581704
2.48442e-05
    99.4183
-9.25429e-06
-6.14459e-09
 9.26043e-06
  0.526348
1.5158e-05
   99.4736
-8.37505e-06
-3.92191e-09
 8.37897e-06
   0.476259
9.24345e-06
    99.5237
-7.57935e-06
-2.49755e-09
 7.58185e-06
   0.430937
5.63402e-06
    99.5691
-6.85925e-06
-1.58715e-09
 6.86084e-06
   0.389928
3.43255e-06
    99.6101
-6.20758e-06
-1.00664e-09
 6.20858e-06
   0.352821
2.09048e-06
    99.6472
-5.61781e-06
-6.37294e-10
 5.61845e-06
   0.319246
1.27269e-06
    99.6808
-5.08408e-06
-4.02785e-10
 5.08449e-06
   0.288866
7.74571e-07
    99.7111
-4.60106e-06
 -2.5417e-10
 4.60131e-06
   0.261377
4.71275e-07
    99.7386
-4.16393e-06
-1.60153e-10
 4.16409e-06
   0.236503
2.86665e-07
    99.7635
-3.76833e-06
-1.00775e-10
 3.76843e-06
  0.213997
1.7433e-07
    99.786
-3.41031e-06
-6.33301e-11
 3.41038e-06
   0.193633
1.05993e-07
    99.8064
-3.08631e-06
-3.97507e-11
 3.08635e-06
   0.175206
6.44318e-08
    99.8248
-2.79309e-06
-2.49223e-11
 2.79311e-06
   0.158533
3.91603e-08
    99.8415
-2.52773e-06
-1.56088e-11
 2.52774e-06
  0.143447
2.3797e-08
   99.8566
-2.28758e-06
-9.76605e-12
 2.28759e-06
  0.129796
1.4459e-08
   99.8702
-2.07024e-06
-6.10461e-12
 2.07025e-06
   0.117444
8.78409e-09
    99.8826
-1.87355e-06
-3.81251e-12
 1.87356e-06
   0.106268
5.33586e-09
    99.8937
-1.69555e-06
-2.37902e-12
 1.69556e-06
  0.0961552
3.24091e-09
    99.9038
-1.53447e-06
-1.48335e-12
 1.53447e-06
  0.0870048
1.96828e-09
     99.913
-1.38868e-06
-9.24187e-13
 1.38868e-06
  0.0787252
1.19528e-09
    99.9213
-1.25675e-06
-5.75398e-13
 1.25675e-06
  0.0712335
7.25803e-10
    99.9288
-1.13735e-06
   -3.58e-13
 1.13735e-06
  0.0644548
4.40693e-10
    99.9355
-1.02929e-06
-2.22597e-13
 1.02929e-06
  0.0583211
2.67563e-10
    99.9417
-9.31501e-07
-1.38322e-13
 9.31501e-07
  0.0527711
1.62439e-10
    99.9472
-8.43002e-07
-8.59032e-14
 8.43002e-07
  0.0477493
9.86127e-11
    99.9523
-7.62911e-07
-5.33197e-14
 7.62911e-07
  0.0432053
5.98624e-11
    99.9568
-6.90429e-07
-3.30779e-14
 6.90429e-07
  0.0390938
3.63376e-11
    99.9609
-6.24833e-07
-2.05101e-14
 6.24833e-07
  0.0353735
2.20568e-11
    99.9646
 -5.6547e-07
-1.27113e-14
  5.6547e-07
  0.0320073
1.33879e-11
     99.968
-5.11746e-07
-7.87431e-15
 5.11746e-07
  0.0289614
8.12585e-12
     99.971
-4.63127e-07
-4.87578e-15
 4.63127e-07
  0.0262054
4.93188e-12
    99.9738
-4.19126e-07
-3.01781e-15
 4.19126e-07
  0.0237116
2.99326e-12
    99.9763
-3.79306e-07
-1.86708e-15
 3.79306e-07
  0.0214551
1.81663e-12
    99.9785
-3.43269e-07
-1.15469e-15
  3.4327e-07
 0.0194134
1.1025e-12
   99.9806
-3.10656e-07
-7.13852e-16
 3.10656e-07
   0.017566
6.69091e-13
    99.9824
-2.81142e-07
-4.41158e-16
 2.81142e-07
  0.0158944
4.06052e-13
    99.9841
-2.54431e-07
 -2.7254e-16
 2.54431e-07
  0.0143818
2.46418e-13
    99.9856
-2.30258e-07
-1.68315e-16
 2.30258e-07
 0.0130132
1.4954e-13
    99.987
-2.08382e-07
-1.03914e-16
 2.08382e-07
  0.0117748
9.07474e-14
    99.9882
-1.88584e-07
-6.41351e-17
 1.88584e-07
 0.0106543
5.5069e-14
   99.9893
-1.70667e-07
-3.95719e-17
 1.70667e-07
 0.00964043
3.34176e-14
    99.9904
-1.54453e-07
-2.44091e-17
 1.54453e-07
 0.00872302
2.02787e-14
    99.9913
-1.39779e-07
-1.50521e-17
 1.39779e-07
 0.00789291
1.23055e-14
    99.9921
-1.26499e-07
-9.27957e-18
 1.26499e-07
0.00714181
7.4672e-15
   99.9929
 -1.1448e-07
-5.71933e-18
  1.1448e-07
 0.00646217
4.53119e-15
    99.9935
-1.03604e-07
-3.52414e-18
 1.03604e-07
 0.00584722
2.74956e-15
    99.9942
-9.37607e-08
-2.17099e-18
 9.37607e-08
 0.00529078
1.66845e-15
    99.9947
-8.48527e-08
-1.33708e-18
 8.48527e-08
  0.0047873
1.01242e-15
    99.9952
 -7.6791e-08
-8.23305e-19
  7.6791e-08
 0.00433173
6.14332e-16
    99.9957
-6.94953e-08
-5.06836e-19
 6.94953e-08
 0.00391951
3.72774e-16
    99.9961
-6.28927e-08
-3.11947e-19
 6.28927e-08
 0.00354652
2.26197e-16
    99.9965
-5.69174e-08
-1.91957e-19
 5.69174e-08
 0.00320902
1.37254e-16
    99.9968
-5.15098e-08
-1.18097e-19
 5.15098e-08
 0.00290364
8.32844e-17
    99.9971
 -4.6616e-08
-7.26426e-20
  4.6616e-08
 0.00262733
5.05359e-17
    99.9974
-4.21871e-08
-4.46745e-20
 4.21871e-08
  0.0023773
3.06645e-17
    99.9976
 -3.8179e-08
-2.74693e-20
  3.8179e-08
 0.00215107
1.86067e-17
    99.9978
-3.45517e-08
-1.68872e-20
 3.45517e-08
 0.00194637
1.12903e-17
    99.9981
 -3.1269e-08
-1.03798e-20
  3.1269e-08
 0.00176115
6.85072e-18
    99.9982
-2.82982e-08
-6.37896e-21
 2.82982e-08
 0.00159355
4.15689e-18
    99.9984
-2.56097e-08
-3.91956e-21
 2.56097e-08
 0.00144191
2.52232e-18
    99.9986
-2.31765e-08
-2.40799e-21
 2.31765e-08
 0.00130469
1.53049e-18
    99.9987
-2.09746e-08
-1.47912e-21
 2.09746e-08
 0.00118053
9.28668e-19
    99.9988
-1.89818e-08
-9.08414e-22
 1.89818e-08
 0.00106819
5.63495e-19
    99.9989
-1.71784e-08
-5.57828e-22
 1.71784e-08
 0.00096654
3.41916e-19
     99.999
-1.55463e-08
-3.42494e-22
 1.55463e-08
0.000874562
2.07466e-19
    99.9991
-1.40693e-08
-2.10254e-22
 1.40693e-08
0.000791336
1.25886e-19
    99.9992
-1.27326e-08
-1.29055e-22
 1.27326e-08
