199
  1
  0
0
0
0
197.507
 2.4225
   0.07
 -0.175327
  0.167029
0.00829792
 193.919
 5.84139
0.239575
-0.912014
 0.868023
0.0439915
 185.423
 13.9282
0.648472
-3.38552
 3.21358
0.171944
166.054
32.3228
1.62344
 -9.7288
  9.1608
0.567996
125.799
 70.315
3.88604
-18.2752
 16.7323
 1.54294
59.4573
131.735
8.80809
-14.067
11.0278
3.03919
0.712904
 181.258
 18.0295
  0.5611
-4.42937
 3.86827
-0.25624
 169.539
 30.7175
0.199672
 -3.7069
 3.50723
0.0695795
  157.345
  42.5853
-0.00343657
     -3.182
    3.18544
-0.0125305
   146.413
   53.5994
0.00827214
    -2.911
   2.90273
0.00122922
    136.15
   63.8483
0.000584168
    -2.6434
    2.64281
-2.59713e-05
     126.621
     73.3789
0.000285238
   -2.40572
    2.40544
-1.30743e-06
     117.758
     82.2423
8.71764e-05
   -2.18837
    2.18828
-1.52731e-07
     109.515
     90.4854
3.02739e-05
   -1.98972
    1.98969
-2.72839e-08
     101.849
     98.1514
1.15693e-05
   -1.80814
    1.80813
-6.4427e-09
    94.7192
    105.281
4.80709e-06
   -1.64219
    1.64219
-1.86584e-09
     88.0889
     111.911
2.15205e-06
   -1.49057
    1.49057
-6.33143e-10
     81.9226
     118.077
1.03016e-06
   -1.35209
    1.35209
-2.44128e-10
      76.188
     123.812
5.23812e-07
   -1.22565
    1.22565
-1.04631e-10
     70.8549
     129.145
2.81297e-07
   -1.11024
    1.11024
-4.90287e-11
      65.895
     134.105
1.58734e-07
   -1.00495
    1.00495
-2.47981e-11
     61.2824
     138.718
9.37004e-08
   -0.90893
    0.90893
-1.34004e-11
     56.9926
     143.007
5.76296e-08
  -0.821394
   0.821394
-7.67249e-12
     53.0031
     146.997
3.67987e-08
  -0.741631
   0.741631
-4.62249e-12
     49.2929
     150.707
2.43171e-08
  -0.668982
   0.668982
-2.91357e-12
     45.8424
     154.158
1.65818e-08
  -0.602845
   0.602845
-1.91183e-12
     42.6334
     157.367
1.16377e-08
  -0.542666
   0.542665
-1.30052e-12
     39.6491
     160.351
8.3868e-09
 -0.487935
  0.487935
-9.13789e-13
     36.8737
     163.126
6.19287e-09
  -0.438187
   0.438187
-6.61078e-13
     34.2925
     165.707
4.67643e-09
  -0.392994
   0.392994
-4.91053e-13
      31.892
     168.108
3.60494e-09
  -0.351963
   0.351963
-3.73598e-13
     29.6596
      170.34
2.83232e-09
  -0.314734
   0.314734
-2.90492e-13
     27.5834
     172.417
2.2647e-09
 -0.280978
  0.280978
-2.30396e-13
     25.6526
     174.347
1.84043e-09
   -0.25039
    0.25039
-1.86069e-13
     23.8569
     176.143
1.51821e-09
  -0.222695
   0.222695
-1.52777e-13
     22.1869
     177.813
1.26987e-09
  -0.197637
   0.197637
-1.27354e-13
     20.6338
     179.366
1.07584e-09
  -0.174985
   0.174985
-1.07646e-13
     19.1895
     180.811
9.22328e-10
  -0.154525
   0.154525
-9.21533e-14
     17.8462
     182.154
7.99448e-10
  -0.136062
   0.136062
-7.98189e-14
      16.597
     183.403
7.0002e-10
 -0.119417
  0.119417
-6.98833e-14
     15.4352
     184.565
6.18761e-10
  -0.104427
   0.104427
-6.17933e-14
     14.3547
     185.645
5.51733e-10
 -0.0909423
  0.0909423
-5.51406e-14
     13.3499
      186.65
4.95966e-10
 -0.0788263
  0.0788263
-4.96197e-14
     12.4154
     187.585
4.49199e-10
 -0.0679538
  0.0679538
-4.49993e-14
     11.5463
     188.454
4.09687e-10
 -0.0582107
  0.0582107
-4.11025e-14
     10.7381
     189.262
3.76076e-10
 -0.0494925
  0.0494925
-3.77923e-14
     9.98641
     190.014
3.47302e-10
 -0.0417039
  0.0417039
-3.49617e-14
     9.28736
     190.713
3.22524e-10
 -0.0347579
  0.0347579
-3.25265e-14
     8.63725
     191.363
3.01068e-10
 -0.0285751
  0.0285751
-3.04194e-14
     8.03264
     191.967
2.82396e-10
  -0.023083
   0.023083
-2.85868e-14
     7.47035
      192.53
2.66068e-10
 -0.0182155
  0.0182155
-2.69852e-14
     6.94743
     193.053
2.51727e-10
 -0.0139123
  0.0139123
-2.55791e-14
     6.46111
     193.539
2.3908e-10
-0.0101186
 0.0101186
-2.43396e-14
     6.00883
     193.991
2.27885e-10
-0.00678442
 0.00678442
-2.32427e-14
     5.58821
     194.412
 2.1794e-10
-0.00386422
 0.00386422
-2.22685e-14
     5.19704
     194.803
2.09076e-10
 -0.0013166
  0.0013166
-2.14006e-14
     4.83325
     195.167
2.01152e-10
 0.00089607
-0.00089607
-2.06248e-14
     4.49492
     195.505
1.94048e-10
 0.00280802
-0.00280802
-1.99295e-14
     4.18027
      195.82
1.87662e-10
 0.00445032
-0.00445032
