70
30
0
0
53.6796
46.3204
 0.0127864
-0.0127864
37.3036
62.6964
 0.0121241
-0.0121241
23.5122
76.4878
 0.00780974
-0.00780974
13.7946
86.2054
 0.00242999
-0.00242999
 7.7314
92.2686
-0.00101775
 0.00101775
4.21892
95.7811
-0.00228287
 0.00228287
2.26817
97.7318
-0.00227886
 0.00227886
1.20958
98.7904
-0.00180442
 0.00180442
0.642252
 99.3577
-0.00127528
 0.00127528
0.340231
 99.6598
-0.000843116
 0.000843116
0.180015
   99.82
-0.000533798
 0.000533798
0.0951838
  99.9048
-0.000327974
 0.000327974
0.0503115
  99.9497
-0.000197153
 0.000197153
0.0265884
  99.9734
-0.000116563
 0.000116563
0.01405
 99.986
-6.80255e-05
 6.80255e-05
0.00742399
   99.9926
-3.92868e-05
 3.92868e-05
0.00392272
   99.9961
-2.24954e-05
 2.24954e-05
0.00207267
   99.9979
-1.27887e-05
 1.27887e-05
0.00109514
   99.9989
-7.22628e-06
 7.22628e-06
0.000578642
    99.9994
-4.06193e-06
 4.06193e-06
0.000305737
    99.9997
-2.27289e-06
 2.27289e-06
0.000161542
    99.9998
-1.26676e-06
 1.26676e-06
8.53536e-05
    99.9999
-7.03534e-07
 7.03534e-07
4.50982e-05
        100
-3.89507e-07
 3.89507e-07
2.38284e-05
        100
-2.15044e-07
 2.15044e-07
1.25902e-05
        100
-1.18425e-07
 1.18425e-07
6.65226e-06
        100
-6.50679e-08
 6.50679e-08
3.51484e-06
        100
-3.56769e-08
 3.56769e-08
1.85713e-06
        100
-1.95246e-08
 1.95246e-08
9.8125e-07
       100
-1.06665e-08
 1.06665e-08
5.18461e-07
        100
-5.8179e-09
 5.8179e-09
2.73939e-07
        100
-3.16861e-09
 3.16861e-09
1.4474e-07
       100
-1.72336e-09
 1.72336e-09
7.64763e-08
        100
-9.36123e-10
 9.36123e-10
4.04076e-08
        100
-5.07898e-10
 5.07898e-10
2.13501e-08
        100
-2.75259e-10
 2.75258e-10
1.12807e-08
        100
-1.49025e-10
 1.49024e-10
5.96038e-09
        100
-8.06038e-11
  8.0604e-11
3.14928e-09
        100
-4.35572e-11
 4.35563e-11
1.66398e-09
        100
-2.35177e-11
 2.35171e-11
8.79193e-10
        100
-1.26876e-11
 1.26866e-11
4.64538e-10
        100
-6.8397e-12
6.83955e-12
2.45447e-10
        100
-3.68454e-12
 3.68382e-12
1.29686e-10
        100
-1.98352e-12
  1.9831e-12
6.85222e-11
        100
-1.06711e-12
 1.06719e-12
3.6205e-11
       100
-5.73745e-13
 5.73935e-13
1.91296e-11
        100
-3.08303e-13
 3.08513e-13
1.01074e-11
        100
-1.65576e-13
 1.65029e-13
5.34046e-12
        100
-8.88772e-14
  8.8474e-14
2.82173e-12
        100
-4.76834e-14
 4.72167e-14
1.49091e-12
        100
-2.55703e-14
 2.52128e-14
7.87751e-13
        100
-1.37059e-14
  1.3294e-14
4.16222e-13
        100
-7.34333e-15
 6.87622e-15
2.19919e-13
        100
-3.93275e-15
 3.66732e-15
1.16198e-13
        100
-2.10537e-15
 9.16829e-16
6.13954e-14
        100
-1.12666e-15
-4.58415e-16
3.24394e-14
        100
-6.02699e-16
-1.37524e-15
1.71399e-14
        100
-3.22297e-16
-1.37524e-15
9.0562e-15
       100
-1.72292e-16
-1.37524e-15
4.78501e-15
        100
-9.20731e-17
-1.37524e-15
2.52825e-15
        100
-4.91888e-17
-1.37524e-15
1.33585e-15
        100
-2.62706e-17
-1.37524e-15
7.05819e-16
        100
-1.40265e-17
-1.37524e-15
3.72932e-16
        100
-7.48698e-18
-1.37524e-15
1.97046e-16
        100
-3.99529e-18
-1.37524e-15
1.04113e-16
        100
-2.13147e-18
-1.37524e-15
5.50098e-17
        100
-1.13684e-18
-1.37524e-15
2.90655e-17
        100
-6.06204e-19
-1.37524e-15
1.53573e-17
        100
-3.23174e-19
-1.37524e-15
8.11429e-18
        100
-1.72249e-19
-1.37524e-15
4.28733e-18
        100
-9.17872e-20
-1.37524e-15
2.26529e-18
        100
-4.89009e-20
-1.37524e-15
1.19691e-18
        100
-2.60474e-20
-1.37524e-15
6.32408e-19
        100
-1.38716e-20
-1.37524e-15
3.34145e-19
        100
-7.38595e-21
-1.37524e-15
1.76551e-19
        100
-3.93193e-21
-1.37524e-15
9.32842e-20
        100
-2.09281e-21
-1.37524e-15
4.92884e-20
        100
-1.11372e-21
-1.37524e-15
2.60424e-20
        100
-5.92586e-22
-1.37524e-15
1.376e-20
      100
-3.15251e-22
-1.37524e-15
7.27035e-21
        100
-1.67684e-22
-1.37524e-15
3.84142e-21
        100
-8.91789e-23
-1.37524e-15
2.02969e-21
        100
-4.74207e-23
-1.37524e-15
1.07242e-21
        100
-2.52122e-23
-1.37524e-15
5.66633e-22
        100
-1.34027e-23
-1.37524e-15
2.99391e-22
        100
-7.12386e-24
-1.37524e-15
1.58189e-22
        100
  -3.786e-24
-1.37524e-15
8.3582e-23
       100
-2.01183e-24
-1.37524e-15
4.41621e-23
        100
-1.06892e-24
-1.37524e-15
2.33338e-23
        100
 -5.6787e-25
-1.37524e-15
1.23289e-23
        100
-3.01648e-25
-1.37524e-15
6.51418e-24
        100
-1.60215e-25
-1.37524e-15
3.44189e-24
        100
-8.50854e-26
-1.37524e-15
1.81858e-24
        100
-4.51815e-26
-1.37524e-15
9.60882e-25
        100
-2.39894e-26
-1.37524e-15
5.07699e-25
        100
 -1.2736e-26
-1.37524e-15
2.68252e-25
        100
 -6.7609e-27
-1.37524e-15
1.41736e-25
        100
-3.58866e-27
-1.37524e-15
7.48888e-26
        100
-1.90467e-27
-1.37524e-15
